00008     2 
00017     48 
00026     528 
00035     3520 
00044     15936 
00053     51456 
00062     116992 
00071     168960 
00080     115200 
00107     8 
00116     192 
00125     2112 
00134     14272 
00143     64896 
00152     196608 
00161     357376 
00170     291840 
00206     40 
00215     768 
00224     7152 
00233     41856 
00242     158208 
00251     348672 
00260     335616 
00305     64 
00314     1296 
00323     12288 
00332     65664 
00341     187392 
00350     220416 
00404     138 
00413     2256 
00422     16944 
00431     63040 
00440     92064 
00503     128 
00512     2112 
00521     12288 
00530     24320 
00602     160 
00611     1536 
00620     4224 
00701     64 
00710     384 
00800     32 
01007     48 
01016     1152 
01025     12672 
01034     85632 
01043     389376 
01052     1179648 
01061     2144256 
01070     1751040 
01106     240 
01115     5760 
01124     65088 
01133     436224 
01142     1780992 
01151     4073472 
01160     3984384 
01205     864 
01214     19872 
01223     205056 
01232     1145088 
01241     3331584 
01250     3949056 
01304     1968 
01313     42624 
01322     369792 
01331     1460736 
01340     2181888 
01403     3456 
01412     61056 
01421     364032 
01430     726528 
01502     4032 
01511     48384 
01520     145152 
01601     2688 
01610     16128 
01700     768 
02006     720 
02015     17280 
02024     195264 
02033     1308672 
02042     5342976 
02051     12220416 
02060     11953152 
02105     4320 
02114     108864 
02123     1181952 
02132     6759936 
02141     19865088 
02150     23639040 
02204     16848 
02213     376704 
02222     3307392 
02231     13118976 
02240     19623168 
02303     40320 
02312     725760 
02321     4354560 
02330     8709120 
02402     60480 
02411     725760 
02420     2177280 
02501     48384 
02510     290304 
02600     16128 
03005     8640 
03014     217728 
03023     2363904 
03032     13519872 
03041     39730176 
03050     47278080 
03104     65664 
03113     1492992 
03122     13188096 
03131     52420608 
03140     78465024 
03203     241920 
03212     4354560 
03221     26127360 
03230     52254720 
03302     483840 
03311     5806080 
03320     17418240 
03401     483840 
03410     2903040 
03500     193536 
04004     98496 
04013     2239488 
04022     19782144 
04031     78630912 
04040     117697536 
04103     725760 
04112     13063680 
04121     78382080 
04130     156764160 
04202     2177280 
04211     26127360 
04220     78382080 
04301     2903040 
04310     17418240 
04400     1451520 
05003     870912 
05012     15676416 
05021     94058496 
05030     188116992 
05102     5225472 
05111     62705664 
05120     188116992 
05201     10450944 
05210     62705664 
05300     6967296 
06002     5225472 
06011     62705664 
06020     188116992 
06101     20901888 
06110     125411328 
06200     20901888 
07001     17915904 
07010     107495424 
07100     35831808 
08000     26873856 
10007     8 
10016     192 
10025     2112 
10034     14272 
10043     64896 
10052     196608 
10061     357376 
10070     291840 
10106     0 
10115     384 
10124     7392 
10133     61696 
10142     277248 
10151     660480 
10160     656896 
10205     96 
10214     2736 
10223     31488 
10232     184704 
10241     548352 
10250     655104 
10304     104 
10313     5184 
10322     55488 
10331     234752 
10340     359040 
10403     512 
10412     9792 
10421     59904 
10430     120576 
10502     384 
10511     6912 
10520     23040 
10601     448 
10610     2688 
10700     0 
11006     240 
11015     5760 
11024     65088 
11033     436224 
11042     1780992 
11051     4073472 
11060     3984384 
11105     1152 
11114     32832 
11123     377856 
11132     2216448 
11141     6580224 
11150     7861248 
11204     5328 
11213     123264 
11222     1095552 
11231     4363776 
11240     6536448 
11303     13056 
11312     239616 
11321     1446912 
11330     2899968 
11402     20160 
11411     241920 
11420     725760 
11501     16128 
11510     96768 
11600     5376 
12005     4320 
12014     108864 
12023     1181952 
12032     6759936 
12041     19865088 
12050     23639040 
12104     31968 
12113     739584 
12122     6573312 
12131     26182656 
12140     39218688 
12203     120960 
12212     2177280 
12221     13063680 
12230     26127360 
12302     241920 
12311     2903040 
12320     8709120 
12401     241920 
12410     1451520 
12500     96768 
13004     65664 
13013     1492992 
13022     13188096 
13031     52420608 
13040     78465024 
13103     483840 
13112     8709120 
13121     52254720 
13130     104509440 
13202     1451520 
13211     17418240 
13220     52254720 
13301     1935360 
13310     11612160 
13400     967680 
14003     725760 
14012     13063680 
14021     78382080 
14030     156764160 
14102     4354560 
14111     52254720 
14120     156764160 
14201     8709120 
14210     52254720 
14300     5806080 
15002     5225472 
15011     62705664 
15020     188116992 
15101     20901888 
15110     125411328 
15200     20901888 
16001     20901888 
16010     125411328 
16100     41803776 
17000     35831808 
20006     40 
20015     768 
20024     7152 
20033     41856 
20042     158208 
20051     348672 
20060     335616 
20105     96 
20114     2736 
20123     31488 
20132     184704 
20141     548352 
20150     655104 
20204     732 
20213     12768 
20222     99360 
20231     375168 
20240     550848 
20303     1152 
20312     20352 
20321     121344 
20330     242176 
20402     2400 
20411     23040 
20420     63360 
20501     1344 
20510     8064 
20600     896 
21005     864 
21014     19872 
21023     205056 
21032     1145088 
21041     3331584 
21050     3949056 
21104     5328 
21113     123264 
21122     1095552 
21131     4363776 
21140     6536448 
21203     20736 
21212     366336 
21221     2184192 
21230     4359168 
21302     40320 
21311     483840 
21320     1451520 
21401     40320 
21410     241920 
21500     16128 
22004     16848 
22013     376704 
22022     3307392 
22031     13118976 
22040     19623168 
22103     120960 
22112     2177280 
22121     13063680 
22130     26127360 
22202     362880 
22211     4354560 
22220     13063680 
22301     483840 
22310     2903040 
22400     241920 
23003     241920 
23012     4354560 
23021     26127360 
23030     52254720 
23102     1451520 
23111     17418240 
23120     52254720 
23201     2903040 
23210     17418240 
23300     1935360 
24002     2177280 
24011     26127360 
24020     78382080 
24101     8709120 
24110     52254720 
24200     8709120 
25001     10450944 
25010     62705664 
25100     20901888 
26000     20901888 
30005     64 
30014     1296 
30023     12288 
30032     65664 
30041     187392 
30050     220416 
30104     104 
30113     5184 
30122     55488 
30131     234752 
30140     359040 
30203     1152 
30212     20352 
30221     121344 
30230     242176 
30302     1280 
30311     23040 
30320     76800 
30401     2240 
30410     13440 
30500     0 
31004     1968 
31013     42624 
31022     369792 
31031     1460736 
31040     2181888 
31103     13056 
31112     239616 
31121     1446912 
31130     2899968 
31202     40320 
31211     483840 
31220     1451520 
31301     53760 
31310     322560 
31400     26880 
32003     40320 
32012     725760 
32021     4354560 
32030     8709120 
32102     241920 
32111     2903040 
32120     8709120 
32201     483840 
32210     2903040 
32300     322560 
33002     483840 
33011     5806080 
33020     17418240 
33101     1935360 
33110     11612160 
33200     1935360 
34001     2903040 
34010     17418240 
34100     5806080 
35000     6967296 
40004     138 
40013     2256 
40022     16944 
40031     63040 
40040     92064 
40103     512 
40112     9792 
40121     59904 
40130     120576 
40202     2400 
40211     23040 
40220     63360 
40301     2240 
40310     13440 
40400     2240 
41003     3456 
41012     61056 
41021     364032 
41030     726528 
41102     20160 
41111     241920 
41120     725760 
41201     40320 
41210     241920 
41300     26880 
42002     60480 
42011     725760 
42020     2177280 
42101     241920 
42110     1451520 
42200     241920 
43001     483840 
43010     2903040 
43100     967680 
44000     1451520 
50003     128 
50012     2112 
50021     12288 
50030     24320 
50102     384 
50111     6912 
50120     23040 
50201     1344 
50210     8064 
50300     0 
51002     4032 
51011     48384 
51020     145152 
51101     16128 
51110     96768 
51200     16128 
52001     48384 
52010     290304 
52100     96768 
53000     193536 
60002     160 
60011     1536 
60020     4224 
60101     448 
60110     2688 
60200     896 
61001     2688 
61010     16128 
61100     5376 
62000     16128 
70001     64 
70010     384 
70100     0 
71000     768 
80000     32 