05030     188116992;
05120     188116992;
06020     188116992;
15020     188116992;
05021     94058496;
04130     156764160;
06110     125411328;
14030     156764160;
14120     156764160;
15110     125411328;
16010     125411328;
04031     78630912;
04121     78382080;
05111     62705664;
06011     62705664;
14021     78382080;
15011     62705664;
04040     117697536;
04220     78382080;
05210     62705664;
07010     107495424;
24020     78382080;
25010     62705664;
14111     52254720;
04022     19782144;
05012     15676416;
13130     104509440;
14210     52254720;
16100     41803776;
24110     52254720;
03131     52420608;
04211     26127360;
06101     20901888;
13031     52420608;
13121     52254720;
15101     20901888;
16001     20901888;
24011     26127360;
04112     13063680;
14012     13063680;
03140     78465024;
03230     52254720;
06200     20901888;
07100     35831808;
13040     78465024;
13220     52254720;
15200     20901888;
17000     35831808;
23030     52254720;
23120     52254720;
25100     20901888;
26000     20901888;
03041     39730176;
03221     26127360;
05201     10450944;
07001     17915904;
23021     26127360;
25001     10450944;
03032     13519872;
03122     13188096;
05102     5225472;
06002     5225472;
13022     13188096;
15002     5225472;
04310     17418240;
34010     17418240;
13211     17418240;
14201     8709120;
23111     17418240;
24101     8709120;
13112     8709120;
14102     4354560;
04013     2239488;
03050     47278080;
03320     17418240;
05300     6967296;
08000     26873856;
23210     17418240;
24200     8709120;
33020     17418240;
35000     6967296;
12131     26182656;
03212     4354560;
04202     2177280;
23012     4354560;
24002     2177280;
03023     2363904;
05003     870912;
12140     39218688;
12230     26127360;
13310     11612160;
14300     5806080;
22130     26127360;
33110     11612160;
34100     5806080;
02141     19865088;
02231     13118976;
03311     5806080;
04301     2903040;
12041     19865088;
12221     13063680;
22031     13118976;
22121     13063680;
33011     5806080;
34001     2903040;
02132     6759936;
12032     6759936;
12122     6573312;
03113     1492992;
04103     725760;
13013     1492992;
14003     725760;
02240     19623168;
22040     19623168;
22220     13063680;
23201     2903040;
02042     5342976;
02222     3307392;
13202     1451520;
22022     3307392;
23102     1451520;
02150     23639040;
02330     8709120;
12050     23639040;
12320     8709120;
32030     8709120;
32120     8709120;
02051     12220416;
02321     4354560;
13301     1935360;
22211     4354560;
32021     4354560;
33101     1935360;
12212     2177280;
22112     2177280;
02033     1308672;
02123     1181952;
12023     1181952;
13103     483840;
03410     2903040;
04400     1451520;
23300     1935360;
33200     1935360;
43010     2903040;
44000     1451520;
12311     2903040;
32111     2903040;
03302     483840;
33002     483840;
03203     241920;
12113     739584;
23003     241920;
03014     217728;
04004     98496;
22310     2903040;
32210     2903040;
11141     6580224;
11231     4363776;
21131     4363776;
02312     725760;
11132     2216448;
32012     725760;
02213     376704;
22013     376704;
02060     11953152;
02420     2177280;
11240     6536448;
13400     967680;
21140     6536448;
21230     4359168;
42020     2177280;
43100     967680;
01241     3331584;
03401     483840;
21041     3331584;
21221     2184192;
43001     483840;
01142     1780992;
01232     1145088;
11042     1780992;
11222     1095552;
21032     1145088;
21122     1095552;
22202     362880;
02024     195264;
03104     65664;
11150     7861248;
11330     2899968;
12410     1451520;
13004     65664;
31130     2899968;
42110     1451520;
01151     4073472;
01331     1460736;
02411     725760;
11051     4073472;
11321     1446912;
22301     483840;
31031     1460736;
31121     1446912;
32201     483840;
42011     725760;
12302     241920;
32102     241920;
01133     436224;
11033     436224;
11123     377856;
12203     120960;
22103     120960;
01250     3949056;
01340     2181888;
02114     108864;
12014     108864;
21050     3949056;
21320     1451520;
31040     2181888;
31220     1451520;
01052     1179648;
01322     369792;
21212     366336;
31022     369792;
01043     389376;
01223     205056;
21023     205056;
32300     322560;
12401     241920;
21311     483840;
31211     483840;
42101     241920;
11312     239616;
31112     239616;
02303     40320;
11213     123264;
21113     123264;
32003     40320;
01160     3984384;
01430     726528;
03500     193536;
11060     3984384;
11420     725760;
12104     31968;
22400     241920;
41030     726528;
41120     725760;
42200     241920;
53000     193536;
01061     2144256;
01421     364032;
41021     364032;
02402     60480;
42002     60480;
01034     85632;
01124     65088;
02204     16848;
02510     290304;
11024     65088;
22004     16848;
31310     322560;
52010     290304;
03005     8640;
10241     548352;
11411     241920;
20141     548352;
20231     375168;
41111     241920;
10142     277248;
10232     184704;
20132     184704;
01313     42624;
31013     42624;
11114     32832;
20240     550848;
21410     241920;
41210     241920;
02015     17280;
10151     660480;
10331     234752;
30131     234752;
00242     158208;
01412     61056;
20042     158208;
20222     99360;
21302     40320;
31202     40320;
41012     61056;
10133     61696;
21203     20736;
01214     19872;
10250     655104;
10340     359040;
12500     96768;
20150     655104;
20330     242176;
21014     19872;
30140     359040;
30230     242176;
52100     96768;
00251     348672;
00341     187392;
02501     48384;
20051     348672;
20321     121344;
30041     187392;
30221     121344;
31301     53760;
52001     48384;
00152     196608;
00332     65664;
10052     196608;
10322     55488;
30032     65664;
30122     55488;
00143     64896;
00233     41856;
10043     64896;
10223     31488;
11303     13056;
20033     41856;
20123     31488;
31103     13056;
01070     1751040;
01520     145152;
51020     145152;
02105     4320;
12005     4320;
21401     40320;
41201     40320;
11402     20160;
41102     20160;
00350     220416;
10160     656896;
10430     120576;
11204     5328;
11510     96768;
21104     5328;
30050     220416;
30320     76800;
40130     120576;
51110     96768;
00161     357376;
00431     63040;
01025     12672;
01511     48384;
10061     357376;
10421     59904;
40031     63040;
40121     59904;
51011     48384;
20312     20352;
30212     20352;
00053     51456;
00323     12288;
20213     12768;
30023     12288;
00134     14272;
00260     335616;
00440     92064;
10034     14272;
10124     7392;
20060     335616;
20420     63360;
31400     26880;
40040     92064;
40220     63360;
41300     26880;
01115     5760;
11015     5760;
30311     23040;
00062     116992;
00422     16944;
40022     16944;
01403     3456;
10313     5184;
30113     5184;
41003     3456;
00044     15936;
00224     7152;
01304     1968;
20024     7152;
31004     1968;
11501     16128;
20411     23040;
40211     23040;
51101     16128;
10412     9792;
40112     9792;
02600     16128;
10214     2736;
20114     2736;
21500     16128;
51200     16128;
62000     16128;
11105     1152;
01502     4032;
51002     4032;
00170     291840;
00530     24320;
10070     291840;
10520     23040;
30410     13440;
40310     13440;
50030     24320;
50120     23040;
00071     168960;
00521     12288;
01205     864;
21005     864;
50021     12288;
02006     720;
30302     1280;
00413     2256;
20303     1152;
30203     1152;
40013     2256;
00314     1296;
01610     16128;
30014     1296;
61010     16128;
00035     3520;
00125     2112;
10025     2112;
10511     6912;
50111     6912;
20402     2400;
40202     2400;
20204     732;
20510     8064;
50210     8064;
10115     384;
30401     2240;
40301     2240;
00512     2112;
01016     1152;
50012     2112;
10403     512;
40103     512;
10304     104;
11600     5376;
30104     104;
61100     5376;
00215     768;
01601     2688;
20015     768;
61001     2688;
20501     1344;
50201     1344;
01106     240;
10502     384;
11006     240;
50102     384;
00080     115200;
00620     4224;
40400     2240;
60020     4224;
10205     96;
20105     96;
00404     138;
10610     2688;
30500     0;
40004     138;
50300     0;
60110     2688;
00611     1536;
60011     1536;
00026     528;
00503     128;
50003     128;
00305     64;
30005     64;
00116     192;
10016     192;
10601     448;
60101     448;
01700     768;
20600     896;
60200     896;
71000     768;
00602     160;
10106     0;
60002     160;
00206     40;
20006     40;
01007     48;
00710     384;
70010     384;
00017     48;
10700     0;
70100     0;
00701     64;
70001     64;
00107     8;
10007     8;
00800     32;
80000     32;
00008     2;
