11222     1095552;
12122     6573312;
12212     2177280;
12221     13063680;
21122     1095552;
21212     366336;
21221     2184192;
22112     2177280;
22121     13063680;
22211     4354560;
02222     3307392;
11123     377856;
11132     2216448;
11213     123264;
11231     4363776;
11312     239616;
11321     1446912;
12113     739584;
12131     26182656;
12311     2903040;
13112     8709120;
13121     52254720;
13211     17418240;
20222     99360;
21113     123264;
21131     4363776;
21311     483840;
22022     3307392;
22202     362880;
22220     13063680;
23111     17418240;
31112     239616;
31121     1446912;
31211     483840;
32111     2903040;
01223     205056;
01232     1145088;
01322     369792;
02123     1181952;
02132     6759936;
02213     376704;
02231     13118976;
02312     725760;
02321     4354560;
03122     13188096;
03212     4354560;
03221     26127360;
10223     31488;
10232     184704;
10322     55488;
12023     1181952;
12032     6759936;
12203     120960;
12230     26127360;
12302     241920;
12320     8709120;
13022     13188096;
13202     1451520;
13220     52254720;
20123     31488;
20132     184704;
20213     12768;
20231     375168;
20312     20352;
20321     121344;
21023     205056;
21032     1145088;
21203     20736;
21230     4359168;
21302     40320;
21320     1451520;
22013     376704;
22031     13118976;
22103     120960;
22130     26127360;
22301     483840;
22310     2903040;
23012     4354560;
23021     26127360;
23102     1451520;
23120     52254720;
23201     2903040;
23210     17418240;
30122     55488;
30212     20352;
30221     121344;
31022     369792;
31202     40320;
31220     1451520;
32012     725760;
32021     4354560;
32102     241920;
32120     8709120;
32201     483840;
32210     2903040;
01133     436224;
01313     42624;
01331     1460736;
03113     1492992;
03131     52420608;
03311     5806080;
10133     61696;
10313     5184;
10331     234752;
11033     436224;
11114     32832;
11141     6580224;
11303     13056;
11330     2899968;
11411     241920;
13013     1492992;
13031     52420608;
13103     483840;
13130     104509440;
13301     1935360;
13310     11612160;
14111     52254720;
30113     5184;
30131     234752;
30311     23040;
31013     42624;
31031     1460736;
31103     13056;
31130     2899968;
31301     53760;
31310     322560;
33011     5806080;
33101     1935360;
33110     11612160;
41111     241920;
00233     41856;
00323     12288;
00332     65664;
01124     65088;
01142     1780992;
01214     19872;
01241     3331584;
01412     61056;
01421     364032;
02033     1308672;
02114     108864;
02141     19865088;
02303     40320;
02330     8709120;
02411     725760;
03023     2363904;
03032     13519872;
03203     241920;
03230     52254720;
03302     483840;
03320     17418240;
04112     13063680;
04121     78382080;
04211     26127360;
10124     7392;
10142     277248;
10214     2736;
10241     548352;
10412     9792;
10421     59904;
11024     65088;
11042     1780992;
11204     5328;
11240     6536448;
11402     20160;
11420     725760;
12014     108864;
12041     19865088;
12104     31968;
12140     39218688;
12401     241920;
12410     1451520;
14012     13063680;
14021     78382080;
14102     4354560;
14120     156764160;
14201     8709120;
14210     52254720;
20033     41856;
20114     2736;
20141     548352;
20303     1152;
20330     242176;
20411     23040;
21014     19872;
21041     3331584;
21104     5328;
21140     6536448;
21401     40320;
21410     241920;
23003     241920;
23030     52254720;
23300     1935360;
24011     26127360;
24101     8709120;
24110     52254720;
30023     12288;
30032     65664;
30203     1152;
30230     242176;
30302     1280;
30320     76800;
32003     40320;
32030     8709120;
32300     322560;
33002     483840;
33020     17418240;
33200     1935360;
40112     9792;
40121     59904;
40211     23040;
41012     61056;
41021     364032;
41102     20160;
41120     725760;
41201     40320;
41210     241920;
42011     725760;
42101     241920;
42110     1451520;
00224     7152;
00242     158208;
00422     16944;
02024     195264;
02042     5342976;
02204     16848;
02240     19623168;
02402     60480;
02420     2177280;
04022     19782144;
04202     2177280;
04220     78382080;
20024     7152;
20042     158208;
20204     732;
20240     550848;
20402     2400;
20420     63360;
22004     16848;
22040     19623168;
22400     241920;
24002     2177280;
24020     78382080;
24200     8709120;
40022     16944;
40202     2400;
40220     63360;
42002     60480;
42020     2177280;
42200     241920;
00134     14272;
00143     64896;
00314     1296;
00341     187392;
00413     2256;
00431     63040;
01034     85632;
01043     389376;
01304     1968;
01340     2181888;
01403     3456;
01430     726528;
03014     217728;
03041     39730176;
03104     65664;
03140     78465024;
03401     483840;
03410     2903040;
04013     2239488;
04031     78630912;
04103     725760;
04130     156764160;
04301     2903040;
04310     17418240;
10034     14272;
10043     64896;
10304     104;
10340     359040;
10403     512;
10430     120576;
13004     65664;
13040     78465024;
13400     967680;
14003     725760;
14030     156764160;
14300     5806080;
30014     1296;
30041     187392;
30104     104;
30140     359040;
30401     2240;
30410     13440;
31004     1968;
31040     2181888;
31400     26880;
34001     2903040;
34010     17418240;
34100     5806080;
40013     2256;
40031     63040;
40103     512;
40130     120576;
40301     2240;
40310     13440;
41003     3456;
41030     726528;
41300     26880;
43001     483840;
43010     2903040;
43100     967680;
01115     5760;
01151     4073472;
01511     48384;
05111     62705664;
10115     384;
10151     660480;
10511     6912;
11015     5760;
11051     4073472;
11105     1152;
11150     7861248;
11501     16128;
11510     96768;
15011     62705664;
15101     20901888;
15110     125411328;
50111     6912;
51011     48384;
51101     16128;
51110     96768;
00125     2112;
00152     196608;
00215     768;
00251     348672;
00512     2112;
00521     12288;
01025     12672;
01052     1179648;
01205     864;
01250     3949056;
01502     4032;
01520     145152;
02015     17280;
02051     12220416;
02105     4320;
02150     23639040;
02501     48384;
02510     290304;
05012     15676416;
05021     94058496;
05102     5225472;
05120     188116992;
05201     10450944;
05210     62705664;
10025     2112;
10052     196608;
10205     96;
10250     655104;
10502     384;
10520     23040;
12005     4320;
12050     23639040;
12500     96768;
15002     5225472;
15020     188116992;
15200     20901888;
20015     768;
20051     348672;
20105     96;
20150     655104;
20501     1344;
20510     8064;
21005     864;
21050     3949056;
21500     16128;
25001     10450944;
25010     62705664;
25100     20901888;
50012     2112;
50021     12288;
50102     384;
50120     23040;
50201     1344;
50210     8064;
51002     4032;
51020     145152;
51200     16128;
52001     48384;
52010     290304;
52100     96768;
00044     15936;
00404     138;
00440     92064;
04004     98496;
04040     117697536;
04400     1451520;
40004     138;
40040     92064;
40400     2240;
44000     1451520;
00035     3520;
00053     51456;
00305     64;
00350     220416;
00503     128;
00530     24320;
03005     8640;
03050     47278080;
03500     193536;
05003     870912;
05030     188116992;
05300     6967296;
30005     64;
30050     220416;
30500     0;
35000     6967296;
50003     128;
50030     24320;
50300     0;
53000     193536;
00116     192;
00161     357376;
00611     1536;
01016     1152;
01061     2144256;
01106     240;
01160     3984384;
01601     2688;
01610     16128;
06011     62705664;
06101     20901888;
06110     125411328;
10016     192;
10061     357376;
10106     0;
10160     656896;
10601     448;
10610     2688;
11006     240;
11060     3984384;
11600     5376;
16001     20901888;
16010     125411328;
16100     41803776;
60011     1536;
60101     448;
60110     2688;
61001     2688;
61010     16128;
61100     5376;
00026     528;
00062     116992;
00206     40;
00260     335616;
00602     160;
00620     4224;
02006     720;
02060     11953152;
02600     16128;
06002     5225472;
06020     188116992;
06200     20901888;
20006     40;
20060     335616;
20600     896;
26000     20901888;
60002     160;
60020     4224;
60200     896;
62000     16128;
00017     48;
00071     168960;
00107     8;
00170     291840;
00701     64;
00710     384;
01007     48;
01070     1751040;
01700     768;
07001     17915904;
07010     107495424;
07100     35831808;
10007     8;
10070     291840;
10700     0;
17000     35831808;
70001     64;
70010     384;
70100     0;
71000     768;
00008     2;
80000     32;
00080     115200;
00800     32;
08000     26873856;
