10106     0;
10700     0;
30500     0;
50300     0;
70100     0;
00008     2;
00107     8;
10007     8;
00800     32;
80000     32;
00206     40;
20006     40;
00017     48;
01007     48;
00305     64;
00701     64;
30005     64;
70001     64;
10205     96;
20105     96;
10304     104;
30104     104;
00503     128;
50003     128;
00404     138;
40004     138;
00602     160;
60002     160;
00116     192;
10016     192;
01106     240;
11006     240;
00710     384;
10115     384;
10502     384;
50102     384;
70010     384;
10601     448;
60101     448;
10403     512;
40103     512;
00026     528;
02006     720;
20204     732;
00215     768;
01700     768;
20015     768;
71000     768;
01205     864;
21005     864;
20600     896;
60200     896;
01016     1152;
11105     1152;
20303     1152;
30203     1152;
30302     1280;
00314     1296;
30014     1296;
20501     1344;
50201     1344;
00611     1536;
60011     1536;
01304     1968;
31004     1968;
00125     2112;
00512     2112;
10025     2112;
50012     2112;
30401     2240;
40301     2240;
40400     2240;
00413     2256;
40013     2256;
20402     2400;
40202     2400;
01601     2688;
10610     2688;
60110     2688;
61001     2688;
10214     2736;
20114     2736;
01403     3456;
41003     3456;
00035     3520;
01502     4032;
51002     4032;
00620     4224;
60020     4224;
02105     4320;
12005     4320;
10313     5184;
30113     5184;
11204     5328;
21104     5328;
11600     5376;
61100     5376;
01115     5760;
11015     5760;
10511     6912;
50111     6912;
00224     7152;
20024     7152;
10124     7392;
20510     8064;
50210     8064;
03005     8640;
10412     9792;
40112     9792;
00323     12288;
00521     12288;
30023     12288;
50021     12288;
01025     12672;
20213     12768;
11303     13056;
31103     13056;
30410     13440;
40310     13440;
00134     14272;
10034     14272;
00044     15936;
01610     16128;
02600     16128;
11501     16128;
21500     16128;
51101     16128;
51200     16128;
61010     16128;
62000     16128;
02204     16848;
22004     16848;
00422     16944;
40022     16944;
02015     17280;
01214     19872;
21014     19872;
11402     20160;
41102     20160;
20312     20352;
30212     20352;
21203     20736;
10520     23040;
20411     23040;
30311     23040;
40211     23040;
50120     23040;
00530     24320;
50030     24320;
31400     26880;
41300     26880;
10223     31488;
20123     31488;
12104     31968;
11114     32832;
02303     40320;
21302     40320;
21401     40320;
31202     40320;
32003     40320;
41201     40320;
00233     41856;
20033     41856;
01313     42624;
31013     42624;
01511     48384;
02501     48384;
51011     48384;
52001     48384;
00053     51456;
31301     53760;
10322     55488;
30122     55488;
10421     59904;
40121     59904;
02402     60480;
42002     60480;
01412     61056;
41012     61056;
10133     61696;
00431     63040;
40031     63040;
20420     63360;
40220     63360;
00143     64896;
10043     64896;
01124     65088;
11024     65088;
00332     65664;
03104     65664;
13004     65664;
30032     65664;
30320     76800;
01034     85632;
00440     92064;
40040     92064;
11510     96768;
12500     96768;
51110     96768;
52100     96768;
04004     98496;
20222     99360;
02114     108864;
12014     108864;
00080     115200;
00062     116992;
10430     120576;
40130     120576;
12203     120960;
22103     120960;
20321     121344;
30221     121344;
11213     123264;
21113     123264;
01520     145152;
51020     145152;
00242     158208;
20042     158208;
00071     168960;
10232     184704;
20132     184704;
00341     187392;
30041     187392;
03500     193536;
53000     193536;
02024     195264;
00152     196608;
10052     196608;
01223     205056;
21023     205056;
03014     217728;
00350     220416;
30050     220416;
10331     234752;
30131     234752;
11312     239616;
31112     239616;
03203     241920;
11411     241920;
12302     241920;
12401     241920;
21410     241920;
22400     241920;
23003     241920;
32102     241920;
41111     241920;
41210     241920;
42101     241920;
42200     241920;
20330     242176;
30230     242176;
10142     277248;
02510     290304;
52010     290304;
00170     291840;
10070     291840;
31310     322560;
32300     322560;
00260     335616;
20060     335616;
00251     348672;
20051     348672;
00161     357376;
10061     357376;
10340     359040;
30140     359040;
22202     362880;
01421     364032;
41021     364032;
21212     366336;
01322     369792;
31022     369792;
20231     375168;
02213     376704;
22013     376704;
11123     377856;
01043     389376;
01133     436224;
11033     436224;
03302     483840;
03401     483840;
13103     483840;
21311     483840;
22301     483840;
31211     483840;
32201     483840;
33002     483840;
43001     483840;
10241     548352;
20141     548352;
20240     550848;
10250     655104;
20150     655104;
10160     656896;
10151     660480;
02312     725760;
02411     725760;
04103     725760;
11420     725760;
14003     725760;
32012     725760;
41120     725760;
42011     725760;
01430     726528;
41030     726528;
12113     739584;
05003     870912;
13400     967680;
43100     967680;
11222     1095552;
21122     1095552;
01232     1145088;
21032     1145088;
01052     1179648;
02123     1181952;
12023     1181952;
02033     1308672;
11321     1446912;
31121     1446912;
04400     1451520;
12410     1451520;
13202     1451520;
21320     1451520;
23102     1451520;
31220     1451520;
42110     1451520;
44000     1451520;
01331     1460736;
31031     1460736;
03113     1492992;
13013     1492992;
01070     1751040;
01142     1780992;
11042     1780992;
13301     1935360;
23300     1935360;
33101     1935360;
33200     1935360;
01061     2144256;
02420     2177280;
04202     2177280;
12212     2177280;
22112     2177280;
24002     2177280;
42020     2177280;
01340     2181888;
31040     2181888;
21221     2184192;
11132     2216448;
04013     2239488;
03023     2363904;
11330     2899968;
31130     2899968;
03410     2903040;
04301     2903040;
12311     2903040;
22310     2903040;
23201     2903040;
32111     2903040;
32210     2903040;
34001     2903040;
43010     2903040;
02222     3307392;
22022     3307392;
01241     3331584;
21041     3331584;
01250     3949056;
21050     3949056;
01160     3984384;
11060     3984384;
01151     4073472;
11051     4073472;
02321     4354560;
03212     4354560;
14102     4354560;
22211     4354560;
23012     4354560;
32021     4354560;
21230     4359168;
11231     4363776;
21131     4363776;
05102     5225472;
06002     5225472;
15002     5225472;
02042     5342976;
03311     5806080;
14300     5806080;
33011     5806080;
34100     5806080;
11240     6536448;
21140     6536448;
12122     6573312;
11141     6580224;
02132     6759936;
12032     6759936;
05300     6967296;
35000     6967296;
11150     7861248;
02330     8709120;
12320     8709120;
13112     8709120;
14201     8709120;
24101     8709120;
24200     8709120;
32030     8709120;
32120     8709120;
05201     10450944;
25001     10450944;
13310     11612160;
33110     11612160;
02060     11953152;
02051     12220416;
04112     13063680;
12221     13063680;
14012     13063680;
22121     13063680;
22220     13063680;
02231     13118976;
22031     13118976;
03122     13188096;
13022     13188096;
03032     13519872;
05012     15676416;
03320     17418240;
04310     17418240;
13211     17418240;
23111     17418240;
23210     17418240;
33020     17418240;
34010     17418240;
07001     17915904;
02240     19623168;
22040     19623168;
04022     19782144;
02141     19865088;
12041     19865088;
06101     20901888;
06200     20901888;
15101     20901888;
15200     20901888;
16001     20901888;
25100     20901888;
26000     20901888;
02150     23639040;
12050     23639040;
03221     26127360;
04211     26127360;
12230     26127360;
22130     26127360;
23021     26127360;
24011     26127360;
12131     26182656;
08000     26873856;
07100     35831808;
17000     35831808;
12140     39218688;
03041     39730176;
16100     41803776;
03050     47278080;
03230     52254720;
13121     52254720;
13220     52254720;
14111     52254720;
14210     52254720;
23030     52254720;
23120     52254720;
24110     52254720;
03131     52420608;
13031     52420608;
05111     62705664;
05210     62705664;
06011     62705664;
15011     62705664;
25010     62705664;
04121     78382080;
04220     78382080;
14021     78382080;
24020     78382080;
03140     78465024;
13040     78465024;
04031     78630912;
05021     94058496;
13130     104509440;
07010     107495424;
04040     117697536;
06110     125411328;
15110     125411328;
16010     125411328;
04130     156764160;
14030     156764160;
14120     156764160;
05030     188116992;
05120     188116992;
06020     188116992;
15020     188116992;
